n07584110_10002.JPEG,135500755456-135500771481
n07584110_10099.JPEG,135543247872-135543250841
n07584110_10134.JPEG,135462259200-135462377584
n07584110_10152.JPEG,135539505664-135539517478
n07584110_10156.JPEG,135519128576-135519244552
n07584110_10175.JPEG,135543339008-135543346050
n07584110_10184.JPEG,135525647872-135525688516
n07584110_10227.JPEG,135517947392-135517996943
n07584110_10231.JPEG,135542733312-135542762569
n07584110_10302.JPEG,135543290880-135543306621
n07584110_10348.JPEG,135461315072-135461486702
n07584110_10356.JPEG,135542496256-135542508906
n07584110_10364.JPEG,135516005376-135516042144
n07584110_10466.JPEG,135526171136-135526237760
n07584110_10470.JPEG,135540866560-135540889860
n07584110_10473.JPEG,135485812736-135485885247
n07584110_10479.JPEG,135543034368-135543043697
n07584110_10550.JPEG,135528401408-135528449530
n07584110_10555.JPEG,135484573184-135484704437
n07584110_10576.JPEG,135542664704-135542715111
n07584110_10626.JPEG,135487954432-135488074940
n07584110_10642.JPEG,135512006144-135512034638
n07584110_10661.JPEG,135517861376-135517894546
n07584110_10692.JPEG,135480427008-135480508328
n07584110_10695.JPEG,135482551296-135482665298
n07584110_10706.JPEG,135485059072-135485176114
n07584110_10709.JPEG,135542481408-135542495709
n07584110_10713.JPEG,135464171008-135464253589
n07584110_10748.JPEG,135543437312-135543440612
n07584110_10823.JPEG,135519068672-135519127731
n07584110_10863.JPEG,135527513088-135527580989
n07584110_10871.JPEG,135517004288-135517078469
n07584110_10872.JPEG,135518686208-135518713150
n07584110_10921.JPEG,135458883072-135458996691
n07584110_10927.JPEG,135491362816-135491421251
n07584110_11023.JPEG,135536059392-135536086330
n07584110_11049.JPEG,135502303744-135504195179
n07584110_11112.JPEG,135539480576-135539504683
n07584110_11126.JPEG,135541170176-135541193782
n07584110_11191.JPEG,135476776960-135476887130
n07584110_11225.JPEG,135536398336-135536431234
n07584110_11231.JPEG,135509824000-135510111029
n07584110_11291.JPEG,135543000064-135543012889
n07584110_11300.JPEG,135516354560-135516499129
n07584110_11304.JPEG,135517997568-135518024754
n07584110_11344.JPEG,135540847104-135540865538
n07584110_11385.JPEG,135543176192-135543182539
n07584110_11420.JPEG,135527637504-135527696017
n07584110_11437.JPEG,135539794432-135539821717
n07584110_1144.JPEG,135491078144-135491131399
n07584110_11469.JPEG,135517712896-135517764823
n07584110_11496.JPEG,135536141312-135536210171
n07584110_11507.JPEG,135539557376-135539586985
n07584110_11549.JPEG,135539661312-135539679749
n07584110_11554.JPEG,135477857792-135477914338
n07584110_11567.JPEG,135482665984-135482778005
n07584110_1157.JPEG,135499970560-135499983327
n07584110_11577.JPEG,135540435968-135540463067
n07584110_1160.JPEG,135456571904-135456607675
n07584110_11644.JPEG,135519379456-135519429457
n07584110_11648.JPEG,135464254464-135464333357
n07584110_11656.JPEG,135500687872-135500717991
n07584110_11676.JPEG,135543052288-135543065632
n07584110_11703.JPEG,135526546432-135526593338
n07584110_11741.JPEG,135539773952-135539793615
n07584110_11766.JPEG,135462458880-135462530350
n07584110_11801.JPEG,135518369792-135518470657
n07584110_11804.JPEG,135541494272-135541507086
n07584110_11864.JPEG,135511272448-135511621084
n07584110_11866.JPEG,135542347264-135542388160
n07584110_12.JPEG,135488075776-135488143508
n07584110_12008.JPEG,135534933504-135534992958
n07584110_1218.JPEG,135500736000-135500754890
n07584110_12219.JPEG,135531161600-135531234994
n07584110_12230.JPEG,135531697152-135531773519
n07584110_12346.JPEG,135528263168-135528332788
n07584110_1236.JPEG,135479791104-135479864536
n07584110_12621.JPEG,135528955904-135529035283
n07584110_12680.JPEG,135537803776-135537918503
n07584110_12888.JPEG,135524146688-135524268402
n07584110_129.JPEG,135539930624-135539952071
n07584110_1292.JPEG,135463381504-135463488366
n07584110_13.JPEG,135496358400-135496392833
n07584110_1304.JPEG,135495505408-135495573263
n07584110_131.JPEG,135501942272-135501949079
n07584110_1325.JPEG,135500008448-135500034723
n07584110_133.JPEG,135485176832-135485374872
n07584110_13302.JPEG,135473895936-135473989926
n07584110_13312.JPEG,135532513792-135532598972
n07584110_13356.JPEG,135524610048-135524735340
n07584110_13411.JPEG,135538348544-135538452472
n07584110_1344.JPEG,135543411712-135543414220
n07584110_1354.JPEG,135495798272-135495857484
n07584110_1359.JPEG,135502108160-135502119189
n07584110_13737.JPEG,135485885952-135485968969
n07584110_13746.JPEG,135542517248-135542535760
n07584110_13918.JPEG,135528623616-135528763919
n07584110_14014.JPEG,135530780672-135530869246
n07584110_1406.JPEG,135487349248-135487407953
n07584110_14279.JPEG,135531506176-135531615690
n07584110_14435.JPEG,135526594048-135526663317
n07584110_1445.JPEG,135456315392-135456348457
n07584110_1450.JPEG,135493063680-135493098981
n07584110_1457.JPEG,135479133696-135479226885
n07584110_14722.JPEG,135484705280-135484883937
n07584110_14805.JPEG,135538452992-135538570284
n07584110_14837.JPEG,135529687552-135529771989
n07584110_14864.JPEG,135537539584-135537643525
n07584110_14916.JPEG,135527194112-135527277677
n07584110_1501.JPEG,135523859968-135523986146
n07584110_1502.JPEG,135459421696-135459520197
n07584110_15066.JPEG,135527944704-135528031588
n07584110_15126.JPEG,135477915136-135478021542
n07584110_1513.JPEG,135459110912-135459212447
n07584110_15237.JPEG,135535431168-135535533004
n07584110_15254.JPEG,135534091776-135534191783
n07584110_15267.JPEG,135535766016-135535859180
n07584110_15283.JPEG,135535859712-135535964013
n07584110_1532.JPEG,135525562880-135525595284
n07584110_1566.JPEG,135457467392-135457559390
n07584110_15853.JPEG,135534421504-135534499656
n07584110_1589.JPEG,135541808640-135541823487
n07584110_16081.JPEG,135528764928-135528819442
n07584110_16153.JPEG,135535185408-135535218546
n07584110_1620.JPEG,135451720704-135451831171
n07584110_1623.JPEG,135456078848-135456139425
n07584110_1625.JPEG,135467517440-135467625092
n07584110_16265.JPEG,135535332352-135535430525
n07584110_16356.JPEG,135542607872-135542651765
n07584110_1647.JPEG,135502216192-135502219598
n07584110_16511.JPEG,135486726144-135486891484
n07584110_1656.JPEG,135489472512-135489527151
n07584110_1671.JPEG,135543355392-135543358592
n07584110_1675.JPEG,135501531648-135501548459
n07584110_16770.JPEG,135542763520-135542781446
n07584110_16907.JPEG,135531235840-135531337527
n07584110_16960.JPEG,135531774464-135531850794
n07584110_1715.JPEG,135461619712-135461730972
n07584110_1716.JPEG,135464548864-135464680911
n07584110_17164.JPEG,135532455424-135532512881
n07584110_1733.JPEG,135488215040-135488274450
n07584110_17449.JPEG,135523325440-135523441696
n07584110_1748.JPEG,135470971392-135471082782
n07584110_17692.JPEG,135537919488-135538011522
n07584110_17694.JPEG,135530515968-135530641515
n07584110_17796.JPEG,135470606336-135470703971
n07584110_1780.JPEG,135500772352-135500791905
n07584110_17949.JPEG,135532599808-135532683977
n07584110_18039.JPEG,135533063680-135533143267
n07584110_1812.JPEG,135457886208-135457922750
n07584110_1819.JPEG,135458360320-135458440644
n07584110_18278.JPEG,135523505152-135523650213
n07584110_18414.JPEG,135534500352-135534586457
n07584110_18447.JPEG,135529428992-135529593943
n07584110_18462.JPEG,135529977856-135530091255
n07584110_1866.JPEG,135458064384-135458225964
n07584110_18770.JPEG,135471969280-135472085999
n07584110_18781.JPEG,135475223552-135475343629
n07584110_18851.JPEG,135525986304-135526170275
n07584110_1893.JPEG,135475500544-135475575330
n07584110_19003.JPEG,135533613568-135533705063
n07584110_19095.JPEG,135540545024-135540602127
n07584110_1918.JPEG,135493259264-135493337337
n07584110_1922.JPEG,135493642240-135493721249
n07584110_19220.JPEG,135538769920-135538829873
n07584110_19505.JPEG,135531338240-135531428899
n07584110_19516.JPEG,135472747008-135472927514
n07584110_1955.JPEG,135489873920-135489929780
n07584110_19631.JPEG,135535261184-135535331625
n07584110_1964.JPEG,135541472256-135541493515
n07584110_19702.JPEG,135532872704-135532936660
n07584110_1972.JPEG,135501884416-135501902663
n07584110_19731.JPEG,135533251584-135533360450
n07584110_1988.JPEG,135502140928-135502146894
n07584110_20057.JPEG,135529172480-135529245443
n07584110_20111.JPEG,135542181376-135542209210
n07584110_20137.JPEG,135524898816-135525014571
n07584110_20286.JPEG,135531936256-135532057289
n07584110_20438.JPEG,135532684800-135532778535
n07584110_2048.JPEG,135500564992-135500573429
n07584110_2057.JPEG,135466281984-135466365651
n07584110_20683.JPEG,135533864960-135533989115
n07584110_2069.JPEG,135468378624-135468513633
n07584110_2071.JPEG,135456844288-135456894390
n07584110_2078.JPEG,135492705792-135492764878
n07584110_2090.JPEG,135500447744-135500474515
n07584110_2153.JPEG,135499983872-135500007720
n07584110_2154.JPEG,135455156224-135455432066
n07584110_21631.JPEG,135535219200-135535260567
n07584110_2165.JPEG,135496587776-135496618732
n07584110_21750.JPEG,135538296320-135538347664
n07584110_2176.JPEG,135493908480-135494005275
n07584110_2187.JPEG,135541385728-135541408023
n07584110_21878.JPEG,135533705728-135533801341
n07584110_2191.JPEG,135502031360-135502037893
n07584110_220.JPEG,135500305408-135500333501
n07584110_2205.JPEG,135452024832-135452793412
n07584110_2245.JPEG,135495574016-135495662619
n07584110_2256.JPEG,135498723328-135498766405
n07584110_2265.JPEG,135540653568-135540678710
n07584110_2268.JPEG,135488353792-135488428905
n07584110_231.JPEG,135499395584-135499418015
n07584110_2310.JPEG,135543359488-135543362117
n07584110_2318.JPEG,135501049856-135501065112
n07584110_2326.JPEG,135499021824-135499048886
n07584110_2342.JPEG,135499270656-135499287665
n07584110_2355.JPEG,135460247552-135460299984
n07584110_2373.JPEG,135528333312-135528400559
n07584110_2399.JPEG,135452794368-135452858962
n07584110_242.JPEG,135495858176-135495933208
n07584110_2441.JPEG,135502220288-135502245987
n07584110_2445.JPEG,135475576320-135475709451
n07584110_2487.JPEG,135496212480-135496239567
n07584110_2514.JPEG,135494572032-135494682032
n07584110_252.JPEG,135498992640-135499021111
n07584110_253.JPEG,135499069952-135499099509
n07584110_2559.JPEG,135499762688-135499773988
n07584110_2561.JPEG,135500975616-135500995861
n07584110_2562.JPEG,135500718592-135500735409
n07584110_2563.JPEG,135498855936-135498889267
n07584110_2582.JPEG,135499604992-135499625904
n07584110_2583.JPEG,135502185984-135502192715
n07584110_2623.JPEG,135464786432-135464904217
n07584110_269.JPEG,135456233472-135456314484
n07584110_2743.JPEG,135496619520-135496672835
n07584110_2758.JPEG,135454470656-135454539895
n07584110_2780.JPEG,135502130176-135502139943
n07584110_279.JPEG,135492223488-135492328188
n07584110_282.JPEG,135502119936-135502124662
n07584110_2828.JPEG,135502075904-135502078681
n07584110_2910.JPEG,135459213312-135459339218
n07584110_2914.JPEG,135459607552-135459722440
n07584110_292.JPEG,135455956992-135456046088
n07584110_2929.JPEG,135457315840-135457387084
n07584110_2935.JPEG,135501727744-135501734846
n07584110_2948.JPEG,135460956160-135461062157
n07584110_2952.JPEG,135490458112-135490560882
n07584110_298.JPEG,135543465472-135543467917
n07584110_2985.JPEG,135469947392-135470016498
n07584110_2987.JPEG,135492478464-135492551879
n07584110_3014.JPEG,135499371520-135499394897
n07584110_3022.JPEG,135501573632-135501586005
n07584110_3034.JPEG,135534321152-135534420879
n07584110_3096.JPEG,135526899200-135526989503
n07584110_3107.JPEG,135491757056-135491815665
n07584110_311.JPEG,135500490240-135500525207
n07584110_3117.JPEG,135521079296-135521141028
n07584110_3124.JPEG,135528820224-135528893348
n07584110_315.JPEG,135501875712-135501883645
n07584110_3153.JPEG,135494453760-135494571411
n07584110_319.JPEG,135465887744-135466014001
n07584110_3199.JPEG,135497775104-135497793700
n07584110_3287.JPEG,135492328960-135492379937
n07584110_3332.JPEG,135479865344-135480049101
n07584110_3371.JPEG,135461063168-135461173608
n07584110_3402.JPEG,135487920128-135487953414
n07584110_3414.JPEG,135467625984-135467753686
n07584110_3431.JPEG,135459521024-135459606971
n07584110_3453.JPEG,135478133760-135478227849
n07584110_3470.JPEG,135482891264-135483017024
n07584110_3471.JPEG,135501788672-135501804777
n07584110_3522.JPEG,135471240704-135471350916
n07584110_3534.JPEG,135476947968-135477045334
n07584110_3546.JPEG,135481574400-135481725531
n07584110_3556.JPEG,135499774976-135499969880
n07584110_3575.JPEG,135460194304-135460246776
n07584110_358.JPEG,135541295616-135541328681
n07584110_3593.JPEG,135501038592-135501049138
n07584110_3596.JPEG,135502165504-135502171658
n07584110_3597.JPEG,135532271616-135532361875
n07584110_3634.JPEG,135536696320-135536719401
n07584110_3647.JPEG,135539434496-135539451956
n07584110_3653.JPEG,135496272384-135496357839
n07584110_3692.JPEG,135467754496-135467869521
n07584110_3702.JPEG,135470017024-135470115597
n07584110_3703.JPEG,135510754304-135510999868
n07584110_3710.JPEG,135497655296-135497754016
n07584110_3714.JPEG,135478228480-135478353209
n07584110_373.JPEG,135497009664-135497085701
n07584110_374.JPEG,135497821184-135497910568
n07584110_3745.JPEG,135501612032-135501629092
n07584110_3775.JPEG,135456423424-135456479792
n07584110_3799.JPEG,135483584512-135483707380
n07584110_3830.JPEG,135486372352-135486466610
n07584110_3846.JPEG,135465333248-135465469840
n07584110_3847.JPEG,135455835136-135455873843
n07584110_3849.JPEG,135520200192-135520320520
n07584110_3857.JPEG,135449812992-135450087651
n07584110_3871.JPEG,135493338112-135493388389
n07584110_3886.JPEG,135494006272-135494078832
n07584110_3942.JPEG,135543318016-135543321548
n07584110_395.JPEG,135501805568-135501821330
n07584110_3962.JPEG,135539977728-135540002692
n07584110_3966.JPEG,135512809472-135512917768
n07584110_3982.JPEG,135470116352-135470200650
n07584110_399.JPEG,135487719424-135487797933
n07584110_3992.JPEG,135442635776-135444038351
n07584110_4011.JPEG,135496773632-135496828834
n07584110_405.JPEG,135492640256-135492705087
n07584110_4056.JPEG,135490735616-135490802419
n07584110_4087.JPEG,135502273536-135502277052
n07584110_4108.JPEG,135456349184-135456382225
n07584110_4111.JPEG,135493099520-135493163664
n07584110_4118.JPEG,135496450048-135496587232
n07584110_4121.JPEG,135460300800-135460424206
n07584110_414.JPEG,135514954240-135515016164
n07584110_4154.JPEG,135500334080-135500356298
n07584110_417.JPEG,135542715904-135542732301
n07584110_4176.JPEG,135502038528-135502074884
n07584110_4183.JPEG,135502286336-135502288552
n07584110_4184.JPEG,135469379584-135469523593
n07584110_4206.JPEG,135531616256-135531696458
n07584110_4215.JPEG,135521213952-135521294080
n07584110_4241.JPEG,135543223808-135543226486
n07584110_4293.JPEG,135463616512-135463766219
n07584110_4314.JPEG,135498784768-135498824306
n07584110_433.JPEG,135500526080-135500564173
n07584110_4343.JPEG,135502289408-135502303133
n07584110_4357.JPEG,135525596160-135525647059
n07584110_4388.JPEG,135438421504-135442635143
n07584110_4399.JPEG,135494168576-135494275166
n07584110_4407.JPEG,135494828032-135494931974
n07584110_4423.JPEG,135500935168-135500950816
n07584110_4474.JPEG,135502158848-135502164854
n07584110_4507.JPEG,135474242048-135474308205
n07584110_4539.JPEG,135501434880-135501466295
n07584110_456.JPEG,135465153024-135465266703
n07584110_4576.JPEG,135465470464-135465578493
n07584110_4587.JPEG,135487704576-135487718453
n07584110_4617.JPEG,135531104768-135531161020
n07584110_4619.JPEG,135472323584-135472404040
n07584110_465.JPEG,135502199808-135502215209
n07584110_4743.JPEG,135451623424-135451720146
n07584110_4748.JPEG,135500475392-135500489665
n07584110_4758.JPEG,135519642112-135519737385
n07584110_4784.JPEG,135470326272-135470368121
n07584110_4787.JPEG,135538055680-135538210598
n07584110_4791.JPEG,135478353920-135478450547
n07584110_4859.JPEG,135453628928-135453721848
n07584110_4878.JPEG,135500423680-135500446949
n07584110_4890.JPEG,135468724224-135468887054
n07584110_4928.JPEG,135499150336-135499167731
n07584110_4932.JPEG,135496829440-135496868467
n07584110_4938.JPEG,135525390336-135525509609
n07584110_502.JPEG,135479631872-135479790214
n07584110_5023.JPEG,135483707904-135483821316
n07584110_5024.JPEG,135499672064-135499695830
n07584110_5065.JPEG,135491278848-135491362088
n07584110_5106.JPEG,135501273088-135501287444
n07584110_5143.JPEG,135543434240-135543436572
n07584110_5197.JPEG,135502193664-135502198916
n07584110_5201.JPEG,135456047104-135456078318
n07584110_521.JPEG,135460859904-135460910457
n07584110_5217.JPEG,135501192192-135501212095
n07584110_5219.JPEG,135470368768-135470505752
n07584110_5244.JPEG,135473193472-135473297774
n07584110_5287.JPEG,135537265152-135537293145
n07584110_529.JPEG,135455656960-135455768854
n07584110_5317.JPEG,135461731840-135461842391
n07584110_532.JPEG,135466014720-135466175709
n07584110_5341.JPEG,135501467136-135501492997
n07584110_5374.JPEG,135481831424-135481983886
n07584110_5395.JPEG,135497136128-135497270560
n07584110_5396.JPEG,135466715648-135466801897
n07584110_5399.JPEG,135501212672-135501236918
n07584110_5420.JPEG,135499288576-135499327386
n07584110_5451.JPEG,135501656064-135501666253
n07584110_5518.JPEG,135492041216-135492087194
n07584110_5546.JPEG,135521315328-135521479847
n07584110_5548.JPEG,135495716864-135495797378
n07584110_5562.JPEG,135537476608-135537538667
n07584110_5573.JPEG,135494932992-135495026747
n07584110_5594.JPEG,135490107392-135490223890
n07584110_5654.JPEG,135543333888-135543338035
n07584110_5662.JPEG,135539587584-135539612045
n07584110_5677.JPEG,135542823936-135542830941
n07584110_5680.JPEG,135479227904-135479356059
n07584110_5691.JPEG,135513312768-135513355781
n07584110_572.JPEG,135472928256-135473058896
n07584110_5723.JPEG,135466802688-135466882656
n07584110_5736.JPEG,135543198720-135543214219
n07584110_5741.JPEG,135541280768-135541288334
n07584110_5831.JPEG,135543385088-135543389700
n07584110_5880.JPEG,135456382976-135456422561
n07584110_5952.JPEG,135490224640-135490297248
n07584110_5956.JPEG,135541408768-135541424999
n07584110_5962.JPEG,135541824000-135541843988
n07584110_597.JPEG,135493512192-135493589861
n07584110_6009.JPEG,135460696576-135460772526
n07584110_6018.JPEG,135542993920-135542999217
n07584110_6020.JPEG,135542963712-135542972859
n07584110_6042.JPEG,135517539328-135517576506
n07584110_6045.JPEG,135518025728-135518064749
n07584110_6053.JPEG,135465579008-135465711198
n07584110_6060.JPEG,135540425216-135540435230
n07584110_6073.JPEG,135489394176-135489471757
n07584110_6083.JPEG,135543117312-135543122510
n07584110_6101.JPEG,135460773376-135460859351
n07584110_6102.JPEG,135543147520-135543151356
n07584110_6105.JPEG,135519548928-135519641113
n07584110_6198.JPEG,135492552704-135492639297
n07584110_6210.JPEG,135521480704-135521578157
n07584110_6213.JPEG,135540602880-135540630679
n07584110_6235.JPEG,135523442688-135523504538
n07584110_6357.JPEG,135457923584-135458063422
n07584110_6377.JPEG,135474383872-135474462223
n07584110_641.JPEG,135538952704-135538983526
n07584110_6426.JPEG,135487093248-135487227729
n07584110_6434.JPEG,135504196096-135507262544
n07584110_6460.JPEG,135518559744-135518596288
n07584110_6481.JPEG,135541262848-135541280033
n07584110_6510.JPEG,135540679680-135540750628
n07584110_6515.JPEG,135539644416-135539660354
n07584110_6539.JPEG,135539124224-135539172264
n07584110_654.JPEG,135499696640-135499720295
n07584110_6620.JPEG,135468036096-135468119833
n07584110_668.JPEG,135499223552-135499269853
n07584110_6696.JPEG,135487023616-135487092247
n07584110_6720.JPEG,135542973440-135542985928
n07584110_6773.JPEG,135536369152-135536397635
n07584110_6774.JPEG,135489269248-135489393644
n07584110_678.JPEG,135522026496-135522244344
n07584110_6787.JPEG,135530642432-135530779843
n07584110_6793.JPEG,135501237760-135501272206
n07584110_6800.JPEG,135540003328-135540027433
n07584110_6854.JPEG,135541844992-135541905905
n07584110_6865.JPEG,135543022592-135543033822
n07584110_6876.JPEG,135469668864-135469773602
n07584110_6914.JPEG,135517079040-135517122949
n07584110_6930.JPEG,135523147264-135523238868
n07584110_6931.JPEG,135535616512-135535636330
n07584110_6940.JPEG,135542885376-135542905441
n07584110_6961.JPEG,135463767040-135463894702
n07584110_6973.JPEG,135459723264-135459829465
n07584110_698.JPEG,135498890240-135498969520
n07584110_6998.JPEG,135496031744-135496089346
n07584110_7003.JPEG,135470506496-135470605466
n07584110_7022.JPEG,135542060544-135542069801
n07584110_7064.JPEG,135514861056-135514915646
n07584110_7103.JPEG,135477167104-135477250806
n07584110_7125.JPEG,135542052864-135542059729
n07584110_7156.JPEG,135486467584-135486575706
n07584110_7174.JPEG,135465712128-135465811411
n07584110_7183.JPEG,135541607424-135541653584
n07584110_7188.JPEG,135518174720-135518256446
n07584110_7190.JPEG,135527029760-135527128594
n07584110_7194.JPEG,135539695616-135539716066
n07584110_720.JPEG,135466493952-135466644899
n07584110_7214.JPEG,135512158208-135512808722
n07584110_7227.JPEG,135488949248-135489026171
n07584110_7231.JPEG,135540631552-135540652721
n07584110_7273.JPEG,135515380224-135515426839
n07584110_7277.JPEG,135541939712-135542002394
n07584110_730.JPEG,135469050368-135469153378
n07584110_7317.JPEG,135517123584-135517318793
n07584110_7360.JPEG,135515887616-135515959742
n07584110_7385.JPEG,135464975872-135465062992
n07584110_7390.JPEG,135539197952-135539214450
n07584110_7391.JPEG,135540297728-135540316071
n07584110_7400.JPEG,135513072128-135513135013
n07584110_7410.JPEG,135518969344-135518989502
n07584110_744.JPEG,135501922816-135501941386
n07584110_7444.JPEG,135542831616-135542844271
n07584110_7453.JPEG,135536586240-135536695613
n07584110_748.JPEG,135460078080-135460193765
n07584110_7484.JPEG,135543441408-135543443745
n07584110_7515.JPEG,135540481536-135540544168
n07584110_7547.JPEG,135511621632-135511711156
n07584110_7559.JPEG,135498517504-135498561241
n07584110_7623.JPEG,135542388736-135542399199
n07584110_7682.JPEG,135540386816-135540406998
n07584110_7684.JPEG,135522505216-135522697265
n07584110_7706.JPEG,135519036416-135519067889
n07584110_7712.JPEG,135542425600-135542436526
n07584110_7714.JPEG,135543350784-135543354588
n07584110_7716.JPEG,135474564096-135474668208
n07584110_7751.JPEG,135479356928-135479447987
n07584110_7761.JPEG,135483954176-135484084999
n07584110_7781.JPEG,135524059648-135524145758
n07584110_7784.JPEG,135529594880-135529686942
n07584110_7859.JPEG,135542285312-135542334330
n07584110_7866.JPEG,135459929600-135460050765
n07584110_7868.JPEG,135515274240-135515329205
n07584110_7877.JPEG,135472404992-135472590380
n07584110_788.JPEG,135501705728-135501718779
n07584110_7917.JPEG,135477605376-135477712432
n07584110_7945.JPEG,135524860928-135524897945
n07584110_7946.JPEG,135519245312-135519378681
n07584110_7980.JPEG,135525298176-135525389517
n07584110_8028.JPEG,135481131520-135481210323
n07584110_8077.JPEG,135518990336-135519035836
n07584110_8087.JPEG,135492166144-135492222763
n07584110_8091.JPEG,135474669056-135474847604
n07584110_8098.JPEG,135497271296-135497327486
n07584110_8110.JPEG,135484085760-135484263640
n07584110_8112.JPEG,135496155648-135496211902
n07584110_8122.JPEG,135460425216-135460580353
n07584110_8138.JPEG,135467061760-135467094250
n07584110_8177.JPEG,135517765632-135517860832
n07584110_8209.JPEG,135494744576-135494808861
n07584110_8214.JPEG,135508211200-135508458811
n07584110_8221.JPEG,135540101632-135540127259
n07584110_8225.JPEG,135491422208-135491521667
n07584110_8248.JPEG,135473635328-135473747510
n07584110_8252.JPEG,135539298816-135539319388
n07584110_8269.JPEG,135536961024-135537120174
n07584110_8291.JPEG,135485731840-135485812080
n07584110_8297.JPEG,135461842944-135461918637
n07584110_8334.JPEG,135539172864-135539197065
n07584110_8360.JPEG,135487305216-135487348649
n07584110_8362.JPEG,135543215104-135543218971
n07584110_8383.JPEG,135511861760-135511904350
n07584110_84.JPEG,135456480768-135456571382
n07584110_8401.JPEG,135541508096-135541520249
n07584110_8403.JPEG,135519510016-135519548005
n07584110_8435.JPEG,135467095040-135467164449
n07584110_8440.JPEG,135469774336-135469946469
n07584110_8469.JPEG,135543311360-135543314145
n07584110_8477.JPEG,135477713408-135477801064
n07584110_8498.JPEG,135535636992-135535704862
n07584110_8504.JPEG,135542509568-135542516581
n07584110_8513.JPEG,135540349952-135540365782
n07584110_8524.JPEG,135492087808-135492165598
n07584110_8604.JPEG,135515695104-135515732245
n07584110_8618.JPEG,135478690304-135478824079
n07584110_8635.JPEG,135541329408-135541355990
n07584110_8637.JPEG,135496869376-135496892634
n07584110_866.JPEG,135475710464-135475848160
n07584110_8679.JPEG,135461919232-135461991880
n07584110_8697.JPEG,135538859008-135538882347
n07584110_87.JPEG,135518852096-135518935841
n07584110_8718.JPEG,135543326208-135543329825
n07584110_8721.JPEG,135536788992-135536841064
n07584110_8722.JPEG,135538984448-135539050038
n07584110_8766.JPEG,135542162944-135542180637
n07584110_8779.JPEG,135540890624-135540912729
n07584110_8784.JPEG,135520321536-135520380489
n07584110_8803.JPEG,135538721792-135538769006
n07584110_8804.JPEG,135528032256-135528125947
n07584110_8812.JPEG,135543427072-135543429832
n07584110_8824.JPEG,135517639168-135517712131
n07584110_8853.JPEG,135541699584-135541715046
n07584110_8872.JPEG,135543390720-135543397464
n07584110_8876.JPEG,135517577216-135517638342
n07584110_8877.JPEG,135476518912-135476609770
n07584110_8890.JPEG,135478824960-135478894108
n07584110_8983.JPEG,135540335616-135540349334
n07584110_8987.JPEG,135538883072-135538952132
n07584110_8989.JPEG,135511711744-135511860860
n07584110_9007.JPEG,135536558080-135536585414
n07584110_9048.JPEG,135514349056-135514386224
n07584110_9069.JPEG,135536210944-135536241442
n07584110_9117.JPEG,135520381440-135520512488
n07584110_9131.JPEG,135528126464-135528190786
n07584110_9148.JPEG,135513227264-135513311755
n07584110_9182.JPEG,135510111744-135510282440
n07584110_9201.JPEG,135516229120-135516291216
n07584110_9214.JPEG,135526342656-135526370690
n07584110_9291.JPEG,135473748480-135473859844
n07584110_9312.JPEG,135543307264-135543310347
n07584110_9314.JPEG,135542400000-135542424650
n07584110_9330.JPEG,135541425664-135541471369
n07584110_9352.JPEG,135489098752-135489174779
n07584110_9375.JPEG,135538571264-135538721191
n07584110_9377.JPEG,135471596032-135471676975
n07584110_94.JPEG,135501288448-135501302473
n07584110_9424.JPEG,135537206272-135537264584
n07584110_9426.JPEG,135479448576-135479541429
n07584110_9451.JPEG,135543418880-135543422556
n07584110_9472.JPEG,135508459520-135508714018
n07584110_9490.JPEG,135543453696-135543456321
n07584110_9492.JPEG,135543430656-135543433256
n07584110_9495.JPEG,135540366336-135540386002
n07584110_9498.JPEG,135517419520-135517538616
n07584110_9511.JPEG,135542003200-135542051959
n07584110_963.JPEG,135495435776-135495504433
n07584110_9665.JPEG,135520620544-135520679579
n07584110_9692.JPEG,135540913664-135540945784
n07584110_9703.JPEG,135521802752-135521930344
n07584110_9736.JPEG,135537644544-135537802890
n07584110_9748.JPEG,135543444480-135543446648
n07584110_9809.JPEG,135471677952-135471765247
n07584110_984.JPEG,135470819328-135470970556
n07584110_9843.JPEG,135518654464-135518685188
n07584110_985.JPEG,135501493760-135501530816
n07584110_9851.JPEG,135514020352-135514324242
n07584110_9859.JPEG,135539320320-135539341423
n07584110_9880.JPEG,135484453888-135484572289
n07584110_989.JPEG,135476888064-135476947100
n07584110_9891.JPEG,135543044608-135543051361
n07584110_9906.JPEG,135467165184-135467259132
n07584110_9943.JPEG,135542109184-135542129558
n07584110_9947.JPEG,135543165952-135543175370
n07584110_9964.JPEG,135525510144-135525562299
n07584110_9972.JPEG,135539215360-135539233318
n07584110_9979.JPEG,135536841728-135536960222
n07584110_9980.JPEG,135486892032-135487022650
n07584110_9991.JPEG,135513006080-135513071477
n07584110_9999.JPEG,135539051008-135539123568
